%YAML:1.0
color: 1
fullData: 0
maxX: 0.50
maxZ: 1.50
minY: 0.25
maxY: 0.35
