%YAML:1.0
color: 1
fullData: 0
maxX: 0.15
maxZ: 1.50
minY: 0.40
maxY: 0.55
